512
5
5 5 5 5 5 
3
1 1 1 
12
0 1 2
1 1 4
1 2 2
0 es 0
0 2 2
2 2 0
2 1 3
2 0 0
2 es 0
0 0 2
1 es 0
1 0 4

5
5 5 5 5 5 
3
2 2 2 
9
0 1 1
1 1 1
1 2 0
0 2 3
2 2 0
2 1 3
2 0 2
0 0 2
1 0 2

5
5 5 5 5 5 
3
3 3 3 
9
0 1 4
1 1 0
1 2 4
0 2 3
2 2 1
2 1 3
2 0 3
0 0 0
1 0 0

5
5 5 5 5 5 
3
4 4 4 
9
0 1 2
1 1 4
1 2 2
0 2 2
2 2 3
2 1 1
2 0 1
0 0 1
1 0 0

5
5 5 5 5 5 
3
5 5 5 
9
0 1 1
1 1 1
1 2 2
0 2 0
2 2 1
2 1 1
2 0 0
0 0 4
1 0 4

5
5 5 5 5 5 
3
6 6 6 
9
0 1 1
1 1 2
1 2 1
0 2 1
2 2 0
2 1 1
2 0 4
0 0 1
1 0 3

5
5 5 5 5 5 
3
7 7 7 
9
0 1 1
1 1 3
1 2 4
0 2 3
2 2 2
2 1 0
2 0 1
0 0 0
1 0 2

5
5 5 5 5 5 
3
8 8 8 
9
0 1 4
1 1 4
1 2 1
0 2 0
2 2 1
2 1 1
2 0 3
0 0 4
1 0 4
